name:minedot
author:Ltabsyy
numberOfCharacter=96

character: 
size=8*7
  0 0 0 0 0 0 0 
  0 0 0 0 0 0 0 
  0 0 0 0 0 0 0 
  0 0 0 0 0 0 0 
  0 0 0 0 0 0 0 
  0 0 0 0 0 0 0 
  0 0 0 0 0 0 0 
  0 0 0 0 0 0 0 

character:a
size=8*7
  0 0 0 0 0 0 0 
  0 0 0 0 0 0 0 
  0 0 1 1 1 0 0 
  0 0 0 0 0 1 0 
  0 0 1 1 1 1 0 
  0 1 0 0 0 1 0 
  0 0 1 1 1 1 0 
  0 0 0 0 0 0 0 

character:b
size=8*7
  0 1 0 0 0 0 0 
  0 1 0 0 0 0 0 
  0 1 0 1 1 0 0 
  0 1 1 0 0 1 0 
  0 1 0 0 0 1 0 
  0 1 0 0 0 1 0 
  0 1 1 1 1 0 0 
  0 0 0 0 0 0 0 

character:c
size=8*7
  0 0 0 0 0 0 0 
  0 0 0 0 0 0 0 
  0 0 1 1 1 0 0 
  0 1 0 0 0 1 0 
  0 1 0 0 0 0 0 
  0 1 0 0 0 1 0 
  0 0 1 1 1 0 0 
  0 0 0 0 0 0 0 

character:d
size=8*7
  0 0 0 0 0 1 0 
  0 0 0 0 0 1 0 
  0 0 1 1 0 1 0 
  0 1 0 0 1 1 0 
  0 1 0 0 0 1 0 
  0 1 0 0 0 1 0 
  0 0 1 1 1 1 0 
  0 0 0 0 0 0 0 

character:e
size=8*7
  0 0 0 0 0 0 0 
  0 0 0 0 0 0 0 
  0 0 1 1 1 0 0 
  0 1 0 0 0 1 0 
  0 1 1 1 1 1 0 
  0 1 0 0 0 0 0 
  0 0 1 1 1 1 0 
  0 0 0 0 0 0 0 

character:f
size=8*6
  0 0 0 1 1 0 
  0 0 1 0 0 0 
  0 1 1 1 1 0 
  0 0 1 0 0 0 
  0 0 1 0 0 0 
  0 0 1 0 0 0 
  0 0 1 0 0 0 
  0 0 0 0 0 0 

character:g
size=8*7
  0 0 0 0 0 0 0 
  0 0 0 0 0 0 0 
  0 0 1 1 1 1 0 
  0 1 0 0 0 1 0 
  0 1 0 0 0 1 0 
  0 0 1 1 1 1 0 
  0 0 0 0 0 1 0 
  0 1 1 1 1 0 0 

character:h
size=8*7
  0 1 0 0 0 0 0 
  0 1 0 0 0 0 0 
  0 1 0 1 1 0 0 
  0 1 1 0 0 1 0 
  0 1 0 0 0 1 0 
  0 1 0 0 0 1 0 
  0 1 0 0 0 1 0 
  0 0 0 0 0 0 0 

character:i
size=8*3
  0 1 0 
  0 0 0 
  0 1 0 
  0 1 0 
  0 1 0 
  0 1 0 
  0 1 0 
  0 0 0 

character:j
size=8*7
  0 0 0 0 0 1 0 
  0 0 0 0 0 0 0 
  0 0 0 0 0 1 0 
  0 0 0 0 0 1 0 
  0 0 0 0 0 1 0 
  0 0 0 0 0 1 0 
  0 1 0 0 0 1 0 
  0 0 1 1 1 0 0 

character:k
size=8*7
  0 1 0 0 0 0 0 
  0 1 0 0 0 0 0 
  0 1 0 0 1 1 0 
  0 1 0 1 0 0 0 
  0 1 1 0 0 0 0 
  0 1 0 1 0 0 0 
  0 1 0 0 1 1 0 
  0 0 0 0 0 0 0 

character:l
size=8*5
  0 1 0 0 0 
  0 1 0 0 0 
  0 1 0 0 0 
  0 1 0 0 0 
  0 1 0 0 0 
  0 1 0 0 0 
  0 0 1 1 0 
  0 0 0 0 0 

character:m
size=8*7
  0 0 0 0 0 0 0 
  0 0 0 0 0 0 0 
  0 1 1 0 1 0 0 
  0 1 0 1 0 1 0 
  0 1 0 1 0 1 0 
  0 1 0 0 0 1 0 
  0 1 0 0 0 1 0 
  0 0 0 0 0 0 0 

character:n
size=8*7
  0 0 0 0 0 0 0 
  0 0 0 0 0 0 0 
  0 1 1 1 1 0 0 
  0 1 0 0 0 1 0 
  0 1 0 0 0 1 0 
  0 1 0 0 0 1 0 
  0 1 0 0 0 1 0 
  0 0 0 0 0 0 0 

character:o
size=8*7
  0 0 0 0 0 0 0 
  0 0 0 0 0 0 0 
  0 0 1 1 1 0 0 
  0 1 0 0 0 1 0 
  0 1 0 0 0 1 0 
  0 1 0 0 0 1 0 
  0 0 1 1 1 0 0 
  0 0 0 0 0 0 0 

character:p
size=8*7
  0 0 0 0 0 0 0 
  0 0 0 0 0 0 0 
  0 1 0 1 1 0 0 
  0 1 1 0 0 1 0 
  0 1 0 0 0 1 0 
  0 1 1 1 1 0 0 
  0 1 0 0 0 0 0 
  0 1 0 0 0 0 0 

character:q
size=8*7
  0 0 0 0 0 0 0 
  0 0 0 0 0 0 0 
  0 0 1 1 0 1 0 
  0 1 0 0 1 1 0 
  0 1 0 0 0 1 0 
  0 0 1 1 1 1 0 
  0 0 0 0 0 1 0 
  0 0 0 0 0 1 0 

character:r
size=8*7
  0 0 0 0 0 0 0 
  0 0 0 0 0 0 0 
  0 1 0 1 1 0 0 
  0 1 1 0 0 1 0 
  0 1 0 0 0 0 0 
  0 1 0 0 0 0 0 
  0 1 0 0 0 0 0 
  0 0 0 0 0 0 0 

character:s
size=8*7
  0 0 0 0 0 0 0 
  0 0 0 0 0 0 0 
  0 0 1 1 1 1 0 
  0 1 0 0 0 0 0 
  0 0 1 1 1 0 0 
  0 0 0 0 0 1 0 
  0 1 1 1 1 0 0 
  0 0 0 0 0 0 0 

character:t
size=8*5
  0 0 1 0 0 
  0 0 1 0 0 
  0 1 1 1 0 
  0 0 1 0 0 
  0 0 1 0 0 
  0 0 1 0 0 
  0 0 0 1 0 
  0 0 0 0 0 

character:u
size=8*7
  0 0 0 0 0 0 0 
  0 0 0 0 0 0 0 
  0 1 0 0 0 1 0 
  0 1 0 0 0 1 0 
  0 1 0 0 0 1 0 
  0 1 0 0 0 1 0 
  0 0 1 1 1 1 0 
  0 0 0 0 0 0 0 

character:v
size=8*7
  0 0 0 0 0 0 0 
  0 0 0 0 0 0 0 
  0 1 0 0 0 1 0 
  0 1 0 0 0 1 0 
  0 1 0 0 0 1 0 
  0 0 1 0 1 0 0 
  0 0 0 1 0 0 0 
  0 0 0 0 0 0 0 

character:w
size=8*7
  0 0 0 0 0 0 0 
  0 0 0 0 0 0 0 
  0 1 0 0 0 1 0 
  0 1 0 0 0 1 0 
  0 1 0 1 0 1 0 
  0 1 0 1 0 1 0 
  0 0 1 1 1 1 0 
  0 0 0 0 0 0 0 

character:x
size=8*7
  0 0 0 0 0 0 0 
  0 0 0 0 0 0 0 
  0 1 0 0 0 1 0 
  0 0 1 0 1 0 0 
  0 0 0 1 0 0 0 
  0 0 1 0 1 0 0 
  0 1 0 0 0 1 0 
  0 0 0 0 0 0 0 

character:y
size=8*7
  0 0 0 0 0 0 0 
  0 0 0 0 0 0 0 
  0 1 0 0 0 1 0 
  0 1 0 0 0 1 0 
  0 1 0 0 0 1 0 
  0 0 1 1 1 1 0 
  0 0 0 0 0 1 0 
  0 1 1 1 1 0 0 

character:z
size=8*7
  0 0 0 0 0 0 0 
  0 0 0 0 0 0 0 
  0 1 1 1 1 1 0 
  0 0 0 0 1 0 0 
  0 0 0 1 0 0 0 
  0 0 1 0 0 0 0 
  0 1 1 1 1 1 0 
  0 0 0 0 0 0 0 

character:A
size=8*7
  0 0 1 1 1 0 0 
  0 1 0 0 0 1 0 
  0 1 1 1 1 1 0 
  0 1 0 0 0 1 0 
  0 1 0 0 0 1 0 
  0 1 0 0 0 1 0 
  0 1 0 0 0 1 0 
  0 0 0 0 0 0 0 

character:B
size=8*7
  0 1 1 1 1 0 0 
  0 1 0 0 0 1 0 
  0 1 1 1 1 0 0 
  0 1 0 0 0 1 0 
  0 1 0 0 0 1 0 
  0 1 0 0 0 1 0 
  0 1 1 1 1 0 0 
  0 0 0 0 0 0 0 

character:C
size=8*7
  0 0 1 1 1 0 0 
  0 1 0 0 0 1 0 
  0 1 0 0 0 0 0 
  0 1 0 0 0 0 0 
  0 1 0 0 0 0 0 
  0 1 0 0 0 1 0 
  0 0 1 1 1 0 0 
  0 0 0 0 0 0 0 

character:D
size=8*7
  0 1 1 1 1 0 0 
  0 1 0 0 0 1 0 
  0 1 0 0 0 1 0 
  0 1 0 0 0 1 0 
  0 1 0 0 0 1 0 
  0 1 0 0 0 1 0 
  0 1 1 1 1 0 0 
  0 0 0 0 0 0 0 

character:E
size=8*7
  0 1 1 1 1 1 0 
  0 1 0 0 0 0 0 
  0 1 1 1 0 0 0 
  0 1 0 0 0 0 0 
  0 1 0 0 0 0 0 
  0 1 0 0 0 0 0 
  0 1 1 1 1 1 0 
  0 0 0 0 0 0 0 

character:F
size=8*7
  0 1 1 1 1 1 0 
  0 1 0 0 0 0 0 
  0 1 1 1 0 0 0 
  0 1 0 0 0 0 0 
  0 1 0 0 0 0 0 
  0 1 0 0 0 0 0 
  0 1 0 0 0 0 0 
  0 0 0 0 0 0 0 

character:G
size=8*7
  0 0 1 1 1 1 0 
  0 1 0 0 0 0 0 
  0 1 0 0 1 1 0 
  0 1 0 0 0 1 0 
  0 1 0 0 0 1 0 
  0 1 0 0 0 1 0 
  0 0 1 1 1 0 0 
  0 0 0 0 0 0 0 

character:H
size=8*7
  0 1 0 0 0 1 0 
  0 1 0 0 0 1 0 
  0 1 1 1 1 1 0 
  0 1 0 0 0 1 0 
  0 1 0 0 0 1 0 
  0 1 0 0 0 1 0 
  0 1 0 0 0 1 0 
  0 0 0 0 0 0 0 

character:I
size=8*5
  0 1 1 1 0 
  0 0 1 0 0 
  0 0 1 0 0 
  0 0 1 0 0 
  0 0 1 0 0 
  0 0 1 0 0 
  0 1 1 1 0 
  0 0 0 0 0 

character:J
size=8*7
  0 0 0 0 0 1 0 
  0 0 0 0 0 1 0 
  0 0 0 0 0 1 0 
  0 0 0 0 0 1 0 
  0 0 0 0 0 1 0 
  0 1 0 0 0 1 0 
  0 0 1 1 1 0 0 
  0 0 0 0 0 0 0 

character:K
size=8*7
  0 1 0 0 0 1 0 
  0 1 0 0 1 0 0 
  0 1 1 1 0 0 0 
  0 1 0 0 1 0 0 
  0 1 0 0 0 1 0 
  0 1 0 0 0 1 0 
  0 1 0 0 0 1 0 
  0 0 0 0 0 0 0 

character:L
size=8*7
  0 1 0 0 0 0 0 
  0 1 0 0 0 0 0 
  0 1 0 0 0 0 0 
  0 1 0 0 0 0 0 
  0 1 0 0 0 0 0 
  0 1 0 0 0 0 0 
  0 1 1 1 1 1 0 
  0 0 0 0 0 0 0 

character:M
size=8*7
  0 1 0 0 0 1 0 
  0 1 1 0 1 1 0 
  0 1 0 1 0 1 0 
  0 1 0 0 0 1 0 
  0 1 0 0 0 1 0 
  0 1 0 0 0 1 0 
  0 1 0 0 0 1 0 
  0 0 0 0 0 0 0 

character:N
size=8*7
  0 1 0 0 0 1 0 
  0 1 1 0 0 1 0 
  0 1 0 1 0 1 0 
  0 1 0 0 1 1 0 
  0 1 0 0 0 1 0 
  0 1 0 0 0 1 0 
  0 1 0 0 0 1 0 
  0 0 0 0 0 0 0 

character:O
size=8*7
  0 0 1 1 1 0 0 
  0 1 0 0 0 1 0 
  0 1 0 0 0 1 0 
  0 1 0 0 0 1 0 
  0 1 0 0 0 1 0 
  0 1 0 0 0 1 0 
  0 0 1 1 1 0 0 
  0 0 0 0 0 0 0 

character:P
size=8*7
  0 1 1 1 1 0 0 
  0 1 0 0 0 1 0 
  0 1 1 1 1 0 0 
  0 1 0 0 0 0 0 
  0 1 0 0 0 0 0 
  0 1 0 0 0 0 0 
  0 1 0 0 0 0 0 
  0 0 0 0 0 0 0 

character:Q
size=8*7
  0 0 1 1 1 0 0 
  0 1 0 0 0 1 0 
  0 1 0 0 0 1 0 
  0 1 0 0 0 1 0 
  0 1 0 0 0 1 0 
  0 1 0 0 1 0 0 
  0 0 1 1 0 1 0 
  0 0 0 0 0 0 0 

character:R
size=8*7
  0 1 1 1 1 0 0 
  0 1 0 0 0 1 0 
  0 1 1 1 1 0 0 
  0 1 0 0 0 1 0 
  0 1 0 0 0 1 0 
  0 1 0 0 0 1 0 
  0 1 0 0 0 1 0 
  0 0 0 0 0 0 0 

character:S
size=8*7
  0 0 1 1 1 1 0 
  0 1 0 0 0 0 0 
  0 0 1 1 1 0 0 
  0 0 0 0 0 1 0 
  0 0 0 0 0 1 0 
  0 1 0 0 0 1 0 
  0 0 1 1 1 0 0 
  0 0 0 0 0 0 0 

character:T
size=8*7
  0 1 1 1 1 1 0 
  0 0 0 1 0 0 0 
  0 0 0 1 0 0 0 
  0 0 0 1 0 0 0 
  0 0 0 1 0 0 0 
  0 0 0 1 0 0 0 
  0 0 0 1 0 0 0 
  0 0 0 0 0 0 0 

character:U
size=8*7
  0 1 0 0 0 1 0 
  0 1 0 0 0 1 0 
  0 1 0 0 0 1 0 
  0 1 0 0 0 1 0 
  0 1 0 0 0 1 0 
  0 1 0 0 0 1 0 
  0 0 1 1 1 0 0 
  0 0 0 0 0 0 0 

character:V
size=8*7
  0 1 0 0 0 1 0 
  0 1 0 0 0 1 0 
  0 1 0 0 0 1 0 
  0 1 0 0 0 1 0 
  0 0 1 0 1 0 0 
  0 0 1 0 1 0 0 
  0 0 0 1 0 0 0 
  0 0 0 0 0 0 0 

character:W
size=8*7
  0 1 0 0 0 1 0 
  0 1 0 0 0 1 0 
  0 1 0 0 0 1 0 
  0 1 0 0 0 1 0 
  0 1 0 1 0 1 0 
  0 1 1 0 1 1 0 
  0 1 0 0 0 1 0 
  0 0 0 0 0 0 0 

character:X
size=8*7
  0 1 0 0 0 1 0 
  0 0 1 0 1 0 0 
  0 0 0 1 0 0 0 
  0 0 1 0 1 0 0 
  0 1 0 0 0 1 0 
  0 1 0 0 0 1 0 
  0 1 0 0 0 1 0 
  0 0 0 0 0 0 0 

character:Y
size=8*7
  0 1 0 0 0 1 0 
  0 0 1 0 1 0 0 
  0 0 0 1 0 0 0 
  0 0 0 1 0 0 0 
  0 0 0 1 0 0 0 
  0 0 0 1 0 0 0 
  0 0 0 1 0 0 0 
  0 0 0 0 0 0 0 

character:Z
size=8*7
  0 1 1 1 1 1 0 
  0 0 0 0 0 1 0 
  0 0 0 0 1 0 0 
  0 0 0 1 0 0 0 
  0 0 1 0 0 0 0 
  0 1 0 0 0 0 0 
  0 1 1 1 1 1 0 
  0 0 0 0 0 0 0 

character:0
size=8*7
  0 0 1 1 1 0 0 
  0 1 0 0 0 1 0 
  0 1 0 0 1 1 0 
  0 1 0 1 0 1 0 
  0 1 1 0 0 1 0 
  0 1 0 0 0 1 0 
  0 0 1 1 1 0 0 
  0 0 0 0 0 0 0 

character:1
size=8*7
  0 0 0 1 0 0 0 
  0 0 1 1 0 0 0 
  0 0 0 1 0 0 0 
  0 0 0 1 0 0 0 
  0 0 0 1 0 0 0 
  0 0 0 1 0 0 0 
  0 1 1 1 1 1 0 
  0 0 0 0 0 0 0 

character:2
size=8*7
  0 0 1 1 1 0 0 
  0 1 0 0 0 1 0 
  0 0 0 0 0 1 0 
  0 0 0 1 1 0 0 
  0 0 1 0 0 0 0 
  0 1 0 0 0 1 0 
  0 1 1 1 1 1 0 
  0 0 0 0 0 0 0 

character:3
size=8*7
  0 0 1 1 1 0 0 
  0 1 0 0 0 1 0 
  0 0 0 0 0 1 0 
  0 0 0 1 1 0 0 
  0 0 0 0 0 1 0 
  0 1 0 0 0 1 0 
  0 0 1 1 1 0 0 
  0 0 0 0 0 0 0 

character:4
size=8*7
  0 0 0 0 1 1 0 
  0 0 0 1 0 1 0 
  0 0 1 0 0 1 0 
  0 1 0 0 0 1 0 
  0 1 1 1 1 1 0 
  0 0 0 0 0 1 0 
  0 0 0 0 0 1 0 
  0 0 0 0 0 0 0 

character:5
size=8*7
  0 1 1 1 1 1 0 
  0 1 0 0 0 0 0 
  0 1 1 1 1 0 0 
  0 0 0 0 0 1 0 
  0 0 0 0 0 1 0 
  0 1 0 0 0 1 0 
  0 0 1 1 1 0 0 
  0 0 0 0 0 0 0 

character:6
size=8*7
  0 0 0 0 1 1 0 
  0 0 0 1 0 0 0 
  0 0 1 0 0 0 0 
  0 0 1 1 1 1 0 
  0 0 1 0 0 0 1 
  0 0 1 0 0 0 1 
  0 0 0 1 1 1 0 
  0 0 0 0 0 0 0 

character:7
size=8*7
  0 1 1 1 1 1 0 
  0 1 0 0 0 1 0 
  0 0 0 0 0 1 0 
  0 0 0 0 1 0 0 
  0 0 0 1 0 0 0 
  0 0 0 1 0 0 0 
  0 0 0 1 0 0 0 
  0 0 0 0 0 0 0 

character:8
size=8*7
  0 0 1 1 1 0 0 
  0 1 0 0 0 1 0 
  0 1 0 0 0 1 0 
  0 0 1 1 1 0 0 
  0 1 0 0 0 1 0 
  0 1 0 0 0 1 0 
  0 0 1 1 1 0 0 
  0 0 0 0 0 0 0 

character:9
size=8*7
  0 0 1 1 1 0 0 
  0 1 0 0 0 1 0 
  0 1 0 0 0 1 0 
  0 0 1 1 1 1 0 
  0 0 0 0 0 1 0 
  0 0 0 0 1 0 0 
  0 0 1 1 0 0 0 
  0 0 0 0 0 0 0 

character:.
size=8*3
  0 0 0 
  0 0 0 
  0 0 0 
  0 0 0 
  0 0 0 
  0 1 0 
  0 1 0 
  0 0 0 

character::
size=8*3
  0 0 0 
  0 1 0 
  0 1 0 
  0 0 0 
  0 0 0 
  0 1 0 
  0 1 0 
  0 0 0 

character:,
size=8*3
  0 0 0 
  0 0 0 
  0 0 0 
  0 0 0 
  0 0 0 
  0 1 0 
  0 1 0 
  0 1 0 

character:;
size=8*3
  0 0 0 
  0 1 0 
  0 1 0 
  0 0 0 
  0 0 0 
  0 1 0 
  0 1 0 
  0 1 0 

character:'
size=8*4
  0 0 1 0 
  0 0 1 0 
  0 1 0 0 
  0 0 0 0 
  0 0 0 0 
  0 0 0 0 
  0 0 0 0 
  0 0 0 0 

character:"
size=8*5
  0 1 0 1 0 
  0 1 0 1 0 
  0 0 0 0 0 
  0 0 0 0 0 
  0 0 0 0 0 
  0 0 0 0 0 
  0 0 0 0 0 
  0 0 0 0 0 

character:!
size=8*3
  0 1 0 
  0 1 0 
  0 1 0 
  0 1 0 
  0 1 0 
  0 0 0 
  0 1 0 
  0 0 0 

character:?
size=8*7
  0 0 1 1 1 0 0 
  0 1 0 0 0 1 0 
  0 0 0 0 0 1 0 
  0 0 0 0 1 0 0 
  0 0 0 1 0 0 0 
  0 0 0 0 0 0 0 
  0 0 0 1 0 0 0 
  0 0 0 0 0 0 0 

character:+
size=8*7
  0 0 0 0 0 0 0 
  0 0 0 1 0 0 0 
  0 0 0 1 0 0 0 
  0 1 1 1 1 1 0 
  0 0 0 1 0 0 0 
  0 0 0 1 0 0 0 
  0 0 0 0 0 0 0 
  0 0 0 0 0 0 0 

character:-
size=8*7
  0 0 0 0 0 0 0 
  0 0 0 0 0 0 0 
  0 0 0 0 0 0 0 
  0 1 1 1 1 1 0 
  0 0 0 0 0 0 0 
  0 0 0 0 0 0 0 
  0 0 0 0 0 0 0 
  0 0 0 0 0 0 0 

character:*
size=8*7
  0 0 0 0 0 0 0 
  0 0 0 1 0 0 0 
  0 1 0 1 0 1 0 
  0 0 1 1 1 0 0 
  0 1 0 1 0 1 0 
  0 0 0 1 0 0 0 
  0 0 0 0 0 0 0 
  0 0 0 0 0 0 0 

character:/
size=8*7
  0 0 0 0 0 1 0 
  0 0 0 0 1 0 0 
  0 0 0 0 1 0 0 
  0 0 0 1 0 0 0 
  0 0 1 0 0 0 0 
  0 0 1 0 0 0 0 
  0 1 0 0 0 0 0 
  0 0 0 0 0 0 0 

character:%
size=8*7
  0 1 0 0 0 1 0 
  0 1 0 0 1 0 0 
  0 0 0 0 1 0 0 
  0 0 0 1 0 0 0 
  0 0 1 0 0 0 0 
  0 0 1 0 0 1 0 
  0 1 0 0 0 1 0 
  0 0 0 0 0 0 0 

character:=
size=8*7
  0 0 0 0 0 0 0 
  0 0 0 0 0 0 0 
  0 0 0 0 0 0 0 
  0 1 1 1 1 1 0 
  0 0 0 0 0 0 0 
  0 1 1 1 1 1 0 
  0 0 0 0 0 0 0 
  0 0 0 0 0 0 0 

character:~
size=8*6
  0 1 1 0 0 1 
  1 0 0 1 1 0 
  0 0 0 0 0 0 
  0 0 0 0 0 0 
  0 0 0 0 0 0 
  0 0 0 0 0 0 
  0 0 0 0 0 0 
  0 0 0 0 0 0 

character:|
size=8*3
  0 1 0 
  0 1 0 
  0 1 0 
  0 1 0 
  0 1 0 
  0 1 0 
  0 1 0 
  0 0 0 

character:@
size=8*9
  0 0 1 1 1 1 1 0 0 
  0 1 0 0 0 0 0 1 0 
  0 1 0 1 1 1 0 1 0 
  0 1 0 1 0 1 0 1 0 
  0 1 0 1 1 1 1 1 0 
  0 1 0 0 0 0 0 0 0 
  0 0 1 1 1 1 1 0 0 
  0 0 0 0 0 0 0 0 0 

character:#
size=8*7
  0 0 1 0 1 0 0 
  0 0 1 0 1 0 0 
  0 1 1 1 1 1 0 
  0 0 1 0 1 0 0 
  0 1 1 1 1 1 0 
  0 0 1 0 1 0 0 
  0 0 1 0 1 0 0 
  0 0 0 0 0 0 0 

character:$
size=8*7
  0 0 0 1 0 0 0 
  0 0 1 1 1 1 0 
  0 1 0 0 0 0 0 
  0 0 1 1 1 0 0 
  0 0 0 0 0 1 0 
  0 1 1 1 1 0 0 
  0 0 0 1 0 0 0 
  0 0 0 0 0 0 0 

character:_
size=8*5
  0 0 0 0 0 
  0 0 0 0 0 
  0 0 0 0 0 
  0 0 0 0 0 
  0 0 0 0 0 
  0 0 0 0 0 
  0 0 0 0 0 
  1 1 1 1 1 

character:^
size=8*7
  0 0 0 1 0 0 0 
  0 0 1 0 1 0 0 
  0 1 0 0 0 1 0 
  0 0 0 0 0 0 0 
  0 0 0 0 0 0 0 
  0 0 0 0 0 0 0 
  0 0 0 0 0 0 0 
  0 0 0 0 0 0 0 

character:\
size=8*7
  0 1 0 0 0 0 0 
  0 0 1 0 0 0 0 
  0 0 1 0 0 0 0 
  0 0 0 1 0 0 0 
  0 0 0 0 1 0 0 
  0 0 0 0 1 0 0 
  0 0 0 0 0 1 0 
  0 0 0 0 0 0 0 

character:&
size=8*7
  0 0 0 1 0 0 0 
  0 0 1 0 1 0 0 
  0 0 0 1 0 0 0 
  0 0 1 1 0 1 0 
  0 1 0 1 1 0 0 
  0 1 0 0 1 0 0 
  0 0 1 1 0 1 0 
  0 0 0 0 0 0 0 

character:<
size=8*6
  0 0 0 0 1 0 
  0 0 0 1 0 0 
  0 0 1 0 0 0 
  0 1 0 0 0 0 
  0 0 1 0 0 0 
  0 0 0 1 0 0 
  0 0 0 0 1 0 
  0 0 0 0 0 0 

character:>
size=8*6
  0 1 0 0 0 0 
  0 0 1 0 0 0 
  0 0 0 1 0 0 
  0 0 0 0 1 0 
  0 0 0 1 0 0 
  0 0 1 0 0 0 
  0 1 0 0 0 0 
  0 0 0 0 0 0 

character:(
size=8*6
  0 0 0 1 1 0 
  0 0 1 0 0 0 
  0 1 0 0 0 0 
  0 1 0 0 0 0 
  0 1 0 0 0 0 
  0 0 1 0 0 0 
  0 0 0 1 1 0 
  0 0 0 0 0 0 

character:)
size=8*6
  0 1 1 0 0 0 
  0 0 0 1 0 0 
  0 0 0 0 1 0 
  0 0 0 0 1 0 
  0 0 0 0 1 0 
  0 0 0 1 0 0 
  0 1 1 0 0 0 
  0 0 0 0 0 0 

character:[
size=8*5
  0 1 1 1 0 
  0 1 0 0 0 
  0 1 0 0 0 
  0 1 0 0 0 
  0 1 0 0 0 
  0 1 0 0 0 
  0 1 1 1 0 
  0 0 0 0 0 

character:]
size=8*5
  0 1 1 1 0 
  0 0 0 1 0 
  0 0 0 1 0 
  0 0 0 1 0 
  0 0 0 1 0 
  0 0 0 1 0 
  0 1 1 1 0 
  0 0 0 0 0 

character:{
size=8*6
  0 0 0 1 1 0 
  0 0 1 0 0 0 
  0 0 1 0 0 0 
  0 1 0 0 0 0 
  0 0 1 0 0 0 
  0 0 1 0 0 0 
  0 0 0 1 1 0 
  0 0 0 0 0 0 

character:}
size=8*6
  0 1 1 0 0 0 
  0 0 0 1 0 0 
  0 0 0 1 0 0 
  0 0 0 0 1 0 
  0 0 0 1 0 0 
  0 0 0 1 0 0 
  0 1 1 0 0 0 
  0 0 0 0 0 0 

character:	
size=8*28
  0 0 0 0 0 0 0 0 0 0 0 0 0 0 0 0 0 0 0 0 0 0 0 0 0 0 0 0 
  0 0 0 0 0 0 0 0 0 0 0 0 0 0 0 0 0 0 0 0 0 0 0 0 0 0 0 0 
  0 0 0 0 0 0 0 0 0 0 0 0 0 0 0 0 0 0 0 0 0 0 0 0 0 0 0 0 
  0 0 0 0 0 0 0 0 0 0 0 0 0 0 0 0 0 0 0 0 0 0 0 0 0 0 0 0 
  0 0 0 0 0 0 0 0 0 0 0 0 0 0 0 0 0 0 0 0 0 0 0 0 0 0 0 0 
  0 0 0 0 0 0 0 0 0 0 0 0 0 0 0 0 0 0 0 0 0 0 0 0 0 0 0 0 
  0 0 0 0 0 0 0 0 0 0 0 0 0 0 0 0 0 0 0 0 0 0 0 0 0 0 0 0 
  0 0 0 0 0 0 0 0 0 0 0 0 0 0 0 0 0 0 0 0 0 0 0 0 0 0 0 0 

character:`
size=8*3
  1 0 0 
  0 1 0 
  0 0 0 
  0 0 0 
  0 0 0 
  0 0 0 
  0 0 0 
  0 0 0 
